ETA,A_1982,A_1983,A_1984,A_1985,A_1986,A_1987,A_1988,A_1989,A_1990,A_1991,A_1992,A_1993,A_1994,A_1995,A_1996,A_1997,A_1998,A_1999,A_2000,A_2001,A_2002,A_2003,A_2004,A_2005,A_2006,A_2007,A_2008,A_2009,A_2010,A_2011,A_2012,A_2013,A_2014,A_2015,A_2016,A_2017
0,99,93,85,97,68,72,86,88,72,93,67,98,88,78,81,101,117,88,79,99,112,115,117,143,126,105,142,132,142,138,110,114,116,140,126,107
1,108,93,97,89,98,66,74,87,93,76,94,72,93,87,78,82,104,119,85,82,98,110,121,119,148,121,102,145,133,144,98,111,116,121,147,125
2,102,109,96,95,92,97,66,76,85,93,74,82,73,93,86,79,88,104,122,86,83,98,111,123,114,149,130,105,136,129,85,99,112,124,117,147
3,95,104,110,100,99,94,99,70,71,90,92,74,80,75,93,86,75,90,103,122,87,84,103,115,130,119,150,132,105,132,86,85,104,107,130,124
4,109,95,105,111,97,97,91,98,73,71,87,89,77,85,76,96,86,76,86,106,121,84,90,105,120,133,116,154,132,105,120,88,88,102,111,132
5,119,107,104,105,110,98,94,92,99,74,69,85,88,78,86,77,95,87,77,89,107,123,83,92,105,115,130,124,148,134,104,123,87,91,103,108
6,139,120,107,103,102,110,101,95,91,100,75,70,87,87,74,86,79,95,86,80,94,107,122,82,94,105,113,126,118,143,94,105,123,90,93,104
7,124,139,117,112,103,104,109,96,93,87,102,75,72,86,86,74,87,81,92,91,81,96,110,126,87,91,103,112,126,116,79,98,109,130,93,90
8,140,121,144,115,111,103,105,108,99,94,83,102,74,74,89,86,76,90,86,90,94,81,102,110,126,89,98,101,109,132,94,81,101,109,130,94
9,146,141,123,139,115,110,102,108,110,97,88,81,101,74,75,89,86,77,92,94,93,95,84,104,114,127,86,96,99,109,94,97,85,106,114,128
10,141,147,143,124,135,117,112,100,104,107,92,87,79,101,75,78,92,89,81,98,94,93,99,87,107,116,131,89,94,102,95,94,99,85,108,116
11,111,139,148,146,122,138,116,110,100,108,104,93,89,79,101,74,79,91,91,89,98,97,97,97,86,109,116,131,94,98,98,97,97,98,85,110
12,150,110,145,151,147,123,141,116,111,100,110,105,94,93,82,100,75,83,95,93,88,98,99,99,98,85,111,118,137,95,88,100,99,98,101,84
13,130,152,112,144,150,146,126,140,116,112,97,106,106,95,95,82,101,75,85,98,95,90,102,100,102,103,91,110,119,136,94,90,104,99,102,105
14,105,131,150,114,145,147,148,127,142,114,111,103,107,109,97,95,85,102,75,89,99,97,91,109,100,104,100,91,114,122,98,96,92,109,102,105
15,134,107,133,151,113,145,151,149,126,143,114,112,103,106,107,98,97,85,102,79,92,98,96,88,113,99,108,99,94,112,90,99,97,89,113,102
16,132,131,107,138,152,110,143,149,148,125,143,109,113,103,105,107,99,98,86,103,84,91,103,96,91,113,105,108,99,95,86,89,102,98,93,113
17,120,133,131,112,136,151,113,144,150,147,125,143,111,113,104,106,106,101,100,90,103,85,90,109,95,97,117,106,108,101,101,88,91,107,98,98
18,133,117,131,131,112,136,151,114,147,147,148,123,146,113,115,106,110,107,103,101,91,106,95,89,111,94,96,115,106,109,91,103,91,90,111,99
19,116,136,119,132,132,111,137,151,116,152,149,152,123,148,113,118,108,110,107,109,100,93,112,97,90,102,97,95,115,106,102,95,107,98,89,104
20,94,117,133,120,136,135,112,139,159,117,150,149,154,126,146,117,117,109,112,113,111,97,100,117,96,89,109,100,95,120,113,102,99,118,97,88
21,105,92,116,129,124,134,136,113,138,158,120,146,152,153,125,143,121,119,108,116,120,108,97,105,117,90,90,117,103,96,119,109,104,108,120,92
22,108,105,96,118,129,122,135,140,115,138,153,121,149,152,150,129,145,121,124,115,124,121,119,106,104,116,95,100,114,104,119,121,114,111,110,116
23,102,113,106,100,121,137,128,138,145,116,144,153,127,154,148,156,136,147,125,126,116,123,129,121,117,111,115,96,105,118,115,123,130,122,122,118
24,92,107,114,106,113,123,134,137,140,148,125,151,151,127,150,149,165,143,158,130,136,120,127,133,129,119,114,126,91,105,133,119,128,134,130,122
25,124,96,115,115,112,120,127,140,140,140,158,130,149,152,127,157,153,169,145,162,132,136,124,132,136,136,119,117,128,85,130,137,124,131,136,138
26,127,124,100,114,116,118,126,135,143,150,147,160,126,150,153,141,161,168,170,147,162,136,147,127,133,138,138,128,128,131,162,133,146,129,135,140
27,122,134,126,104,114,120,127,126,142,150,154,156,162,127,157,162,141,164,177,178,148,168,143,154,126,136,147,143,126,129,145,166,139,155,127,140
28,94,125,136,125,105,114,123,133,124,160,155,154,160,164,136,162,168,144,167,177,189,150,170,147,167,131,134,151,146,124,188,152,176,150,166,134
29,121,97,130,137,132,110,115,125,136,125,170,157,155,165,161,143,162,168,149,172,175,188,163,175,162,163,140,154,150,139,181,189,163,180,168,167
30,115,121,101,131,136,131,112,117,128,136,135,171,161,156,168,163,156,163,174,160,185,174,201,183,188,170,162,149,151,154,187,180,203,183,196,178
31,129,114,125,108,132,134,132,107,115,138,138,140,170,159,163,169,171,163,165,191,164,182,190,197,196,186,173,165,140,147,167,185,194,198,197,196
32,97,129,112,129,105,132,137,142,108,116,145,134,140,168,163,165,177,170,162,167,190,170,188,190,199,194,185,173,158,146,194,173,193,197,200,199
33,124,98,129,112,129,105,133,141,135,109,117,140,136,141,169,170,167,187,177,167,171,189,169,200,197,204,194,178,174,148,174,195,179,204,205,205
34,109,130,98,134,113,137,112,135,139,134,112,114,142,139,143,170,171,177,189,185,173,169,193,186,209,204,204,192,179,172,174,178,202,194,208,212
35,122,107,130,96,133,118,133,114,133,139,134,116,116,140,139,144,172,173,187,195,185,180,180,196,193,211,216,195,189,179,188,182,185,204,202,215
36,100,129,107,126,97,135,121,131,116,137,135,140,120,115,139,143,143,172,181,192,202,184,176,179,198,196,214,220,187,186,204,187,179,188,206,205
37,114,99,128,111,128,100,139,118,135,117,142,135,143,124,115,139,139,144,174,189,191,209,190,175,191,200,202,211,217,187,194,208,193,181,200,207
38,120,114,101,129,111,129,100,141,118,131,119,134,139,145,129,117,140,141,145,180,191,196,208,194,184,185,207,210,214,212,191,198,209,198,190,194
39,107,118,115,101,130,107,128,101,138,116,128,127,137,133,144,131,118,137,141,149,182,192,201,212,205,186,197,207,210,209,184,195,202,212,207,193
40,83,108,118,113,99,133,108,132,104,135,120,126,126,140,132,149,129,123,138,145,151,190,193,192,222,206,191,207,210,213,152,190,193,193,222,210
41,103,83,108,119,114,96,132,111,132,106,134,114,126,125,140,137,150,129,125,138,148,150,200,196,189,217,213,196,205,212,149,156,195,199,194,218
42,95,103,85,111,121,116,97,132,109,132,105,141,116,125,130,143,133,150,127,126,142,151,150,202,196,184,220,208,190,201,141,153,156,206,199,190
43,111,93,105,86,107,118,114,95,132,109,130,111,138,115,131,130,140,133,155,130,126,147,157,156,212,196,189,217,208,181,128,145,160,161,215,199
44,82,107,91,106,86,107,118,110,98,137,109,131,110,139,111,130,129,142,133,156,131,123,148,155,158,211,200,190,210,208,133,126,148,159,162,216
45,82,83,109,94,105,92,109,119,110,101,137,106,130,111,139,111,129,125,142,137,156,133,128,149,155,153,208,195,189,208,157,135,131,149,158,158
46,80,85,83,111,95,105,90,110,122,105,102,139,103,128,111,139,113,131,122,147,140,161,132,130,156,152,155,207,196,184,141,161,135,132,157,156
47,62,77,87,85,110,94,108,89,110,118,107,102,136,100,126,116,137,112,131,123,150,141,162,134,128,151,150,159,206,196,151,146,161,136,131,152
48,70,60,77,85,83,111,95,112,91,113,119,106,103,135,101,127,116,134,114,129,123,149,141,166,136,129,153,155,156,204,121,150,146,164,139,132
49,79,70,60,77,82,83,110,98,112,94,116,116,108,102,134,101,127,112,136,114,132,123,148,142,163,135,137,149,154,156,133,121,152,146,162,137
50,58,79,68,61,79,81,81,110,96,111,89,115,118,107,91,134,103,125,114,134,115,133,126,152,144,162,134,134,148,153,114,135,124,156,147,161
51,75,55,79,70,63,80,83,83,109,96,112,88,113,118,103,88,133,105,126,117,132,120,138,122,153,140,158,130,135,145,135,115,137,119,157,144
52,63,75,54,77,70,63,78,84,82,108,94,112,91,118,117,104,88,132,104,127,120,130,123,137,126,154,144,159,132,134,117,132,117,139,123,159
53,67,63,72,56,75,68,65,80,85,81,111,92,112,92,114,117,103,89,134,104,126,121,132,120,137,128,152,145,154,130,126,119,134,120,139,125
54,75,66,63,73,57,74,68,64,80,84,82,113,95,118,91,112,118,103,88,135,104,128,123,133,119,137,128,151,140,154,101,128,120,134,119,139
55,60,73,65,61,72,58,76,70,62,77,84,80,113,97,119,91,108,118,105,88,133,101,123,121,130,118,137,124,150,142,134,99,130,118,131,118
56,81,60,76,66,61,71,58,76,69,61,80,86,81,113,97,119,88,108,118,106,88,130,102,123,123,129,118,137,125,150,89,134,101,123,120,130
57,63,77,62,76,63,58,68,55,77,69,63,80,85,80,111,97,116,88,108,121,103,90,130,99,125,123,129,116,136,124,104,90,135,99,125,120
58,51,65,76,64,74,66,60,67,57,76,70,63,78,84,82,107,96,113,86,109,123,103,88,126,99,125,124,129,116,132,121,104,90,130,99,124
59,68,50,65,74,63,77,65,59,68,60,77,72,63,78,85,83,107,97,113,85,106,125,98,86,129,100,125,121,130,116,106,123,101,87,132,100
60,61,64,52,65,72,65,80,62,59,68,58,76,70,64,77,87,83,106,95,110,86,106,124,96,88,129,99,121,121,129,85,107,123,98,88,132
61,46,63,64,48,61,68,62,81,61,58,69,55,74,69,62,76,85,85,107,93,111,85,104,123,93,88,131,103,117,117,112,84,106,122,96,88
62,31,45,57,68,51,63,67,63,80,62,58,68,55,73,70,63,76,83,87,105,91,111,84,105,119,94,88,131,100,116,92,113,84,107,118,96
63,29,28,43,53,62,49,60,69,59,79,62,57,68,56,71,68,63,74,83,86,102,92,111,85,105,119,98,86,131,99,101,93,113,84,108,119
64,27,29,29,46,51,60,48,60,73,58,76,62,58,67,55,71,67,63,74,85,82,102,91,110,85,108,116,96,84,130,81,101,93,111,84,109
65,42,27,29,29,43,50,61,46,59,71,58,76,63,56,68,55,70,66,60,71,85,80,101,88,109,88,108,117,96,83,83,80,101,89,110,87
66,58,41,26,30,27,38,50,62,44,57,70,55,71,62,54,67,55,68,66,61,71,82,79,102,88,106,85,108,113,93,71,81,80,101,89,107
67,44,56,36,25,28,26,37,48,62,44,57,65,56,67,60,54,63,57,67,59,60,70,81,81,104,89,104,83,108,114,59,69,81,79,103,90
68,36,41,52,38,26,29,27,34,46,62,44,56,64,52,64,55,54,62,54,66,60,59,72,82,80,101,88,105,83,106,60,59,72,81,78,100
69,48,34,42,52,39,23,28,25,34,46,61,43,55,64,51,57,55,53,61,54,65,59,57,72,79,79,97,84,106,82,63,59,57,71,80,77
70,30,47,30,44,52,36,22,28,26,33,46,60,45,54,59,49,53,51,53,59,51,67,58,60,71,78,79,95,80,102,50,65,58,60,70,79
71,37,29,48,30,38,49,36,20,26,26,32,46,58,44,52,58,50,50,51,52,56,52,65,55,60,69,78,78,93,82,58,51,63,55,61,68
72,29,36,28,45,29,38,46,36,22,27,23,30,45,57,40,49,53,49,50,51,49,56,50,65,51,59,65,74,72,91,50,57,49,63,52,59
73,27,23,35,26,46,29,39,43,34,23,26,19,28,40,56,40,48,53,47,49,46,47,55,49,60,49,56,65,74,71,46,48,56,48,60,49
74,27,23,24,35,24,43,30,36,44,34,20,26,19,27,39,54,36,47,48,47,47,45,46,51,49,60,47,58,61,73,47,44,48,53,48,59
75,17,26,24,22,31,22,43,26,33,42,31,20,25,20,26,36,52,35,44,46,44,45,43,44,47,49,54,43,55,59,44,46,42,46,47,49
76,18,15,21,23,23,31,24,42,26,33,36,30,17,24,19,25,35,45,35,41,43,46,44,43,38,46,47,54,44,53,43,45,44,42,40,46
77,17,16,13,17,22,20,31,18,41,25,30,34,28,16,23,18,25,34,42,36,41,44,47,41,42,36,44,46,55,45,42,43,45,41,41,38
78,7,16,16,12,16,21,21,26,14,39,23,30,32,26,15,23,18,25,34,38,37,40,38,45,37,39,34,40,45,55,35,40,40,43,37,38
79,6,8,15,17,11,15,21,19,25,16,32,22,28,32,25,15,20,19,24,28,35,35,37,38,42,37,36,33,39,43,34,33,37,37,41,37
80,8,7,10,16,13,8,11,18,15,21,12,27,21,25,32,24,14,19,19,23,28,34,32,34,36,40,35,31,30,37,27,33,32,33,35,40
81,15,7,4,6,15,8,8,7,21,15,21,12,27,19,24,32,22,12,19,18,21,26,33,32,30,33,35,32,29,26,22,25,32,32,30,32
82,9,14,10,3,6,12,7,7,7,17,14,18,12,24,17,21,30,18,13,19,16,18,23,28,29,29,32,31,28,25,16,20,22,27,29,29
83,3,9,14,6,2,6,13,6,6,6,16,10,18,12,19,15,18,25,15,11,16,12,16,22,24,28,24,28,27,26,15,13,18,21,23,28
84,0,3,6,12,5,2,4,11,5,5,6,13,9,17,11,21,11,16,23,15,7,16,10,12,22,21,28,24,24,24,8,15,11,14,21,20
85,3,2,2,3,5,5,5,4,6,4,3,3,12,7,17,10,20,7,13,20,14,5,16,8,11,19,20,21,21,21,14,6,15,9,13,19
86,2,1,1,2,3,4,5,3,4,4,6,4,3,9,6,13,6,19,7,11,18,11,5,14,7,10,20,16,19,18,15,12,6,13,8,12
87,2,1,1,1,3,3,4,3,3,3,4,6,4,5,7,5,10,6,17,7,10,19,10,2,14,7,9,15,13,12,10,16,11,4,13,8
88,1,1,1,1,2,3,3,2,2,3,4,4,4,4,2,6,4,8,5,11,7,9,19,10,1,10,5,10,11,9,7,9,16,11,3,10
89,1,1,1,1,1,1,2,1,2,2,0,4,4,4,3,2,5,3,8,4,8,7,8,17,9,0,9,6,9,10,8,7,8,15,10,2
90,2,1,1,2,2,2,2,2,2,2,2,0,4,3,4,3,1,7,3,3,3,8,4,4,16,7,0,7,6,6,2,8,4,4,14,7
91,1,0,0,0,1,1,1,1,1,1,0,2,0,3,2,3,3,3,7,2,3,1,8,2,5,15,6,0,6,4,3,1,8,2,4,13
92,0,0,0,0,1,1,1,1,1,1,0,0,2,0,3,2,3,3,2,6,3,2,1,7,2,5,12,2,0,6,3,2,1,7,2,5
93,0,0,0,0,0,0,1,0,0,1,0,0,1,2,0,1,2,3,3,1,6,3,2,1,6,2,4,6,1,0,6,3,2,1,6,2
94,0,0,0,0,0,0,0,0,0,0,0,0,0,1,1,0,0,1,2,3,0,2,3,2,0,5,2,2,3,1,0,3,3,2,0,5
95,0,0,0,0,0,0,0,0,0,0,0,0,0,0,1,1,0,0,0,2,2,0,1,3,2,0,2,2,1,3,2,0,2,2,2,0
96,0,0,0,0,0,0,0,0,0,0,0,0,0,0,0,0,1,0,0,0,0,1,0,1,3,2,0,1,2,0,0,1,0,1,2,2
97,0,0,0,0,0,0,0,0,0,0,0,0,0,0,0,0,0,1,0,0,0,0,0,0,0,2,2,0,0,2,0,0,0,0,0,1
98,0,0,0,0,0,0,0,0,0,0,0,0,0,0,0,0,0,0,1,0,0,0,0,0,0,0,0,1,0,0,0,0,0,0,0,0
99,0,0,0,0,0,0,0,0,0,0,0,0,0,0,0,0,0,0,0,1,0,0,0,0,0,0,0,0,1,0,0,0,0,0,0,0
